Speaker_Independent_Triple_Mode_with_Context
n_epooch:38 | dropout:0.2 | lr:0.001 | batch_size:128 | shared_embedding_size:2048 | projection_embedding_size:1024
              precision    recall  f1-score   support

           0      0.429     0.057     0.100        53
           1      0.000     0.000     0.000        31
           2      0.133     0.017     0.031       115
           3      0.000     0.000     0.000        23
           4      0.000     0.000     0.000        48
           5      0.386     0.418     0.402       244
           6      0.417     0.756     0.538       438
           7      0.280     0.154     0.199       149
           8      0.421     0.158     0.230       101

    accuracy                          0.397      1202
   macro avg      0.230     0.173     0.167      1202
weighted avg      0.332     0.397     0.329      1202

----------------------------------------------------------------------------------------------------
dropout:0.2 | lr:0.001 | batch_size:128 | shared_embedding_size:2048 | projection_embedding_size:1024
              precision    recall  f1-score      support
0              0.428571  0.056604  0.100000    53.000000
1              0.000000  0.000000  0.000000    31.000000
2              0.133333  0.017391  0.030769   115.000000
3              0.000000  0.000000  0.000000    23.000000
4              0.000000  0.000000  0.000000    48.000000
5              0.386364  0.418033  0.401575   244.000000
6              0.417402  0.755708  0.537774   438.000000
7              0.280488  0.154362  0.199134   149.000000
8              0.421053  0.158416  0.230216   101.000000
accuracy       0.396839  0.396839  0.396839     0.396839
macro avg      0.229690  0.173390  0.166608  1202.000000
weighted avg   0.332331  0.396839  0.328861  1202.000000
----------------------------------------------------------------------------------------------------
FOR :---->  PRO
              precision    recall  f1-score   support

           0       0.50      1.00      0.67         1
           1       0.00      0.00      0.00         1
           2       0.40      0.06      0.10        35
           4       0.00      0.00      0.00         1
           5       0.44      0.44      0.44        63
           6       0.57      0.82      0.67       161
           7       0.17      0.09      0.12        32
           8       0.64      0.18      0.28        39

    accuracy                           0.52       333
   macro avg       0.34      0.32      0.28       333
weighted avg       0.49      0.52      0.46       333

----------------------------------------------------------------------------------------------------
FOR :---->  LIK
              precision    recall  f1-score   support

           5       0.00      0.00      0.00         2
           6       0.33      1.00      0.50         1

    accuracy                           0.33         3
   macro avg       0.17      0.50      0.25         3
weighted avg       0.11      0.33      0.17         3

----------------------------------------------------------------------------------------------------
FOR :---->  ILL
              precision    recall  f1-score   support

           0       0.00      0.00      0.00         3
           2       0.00      0.00      0.00        24
           4       0.00      0.00      0.00         3
           5       0.41      0.47      0.43        43
           6       0.35      0.74      0.48        53
           7       0.60      0.12      0.20        25
           8       0.27      0.11      0.16        27

    accuracy                           0.37       178
   macro avg       0.23      0.20      0.18       178
weighted avg       0.33      0.37      0.30       178

----------------------------------------------------------------------------------------------------
FOR :---->  EMB
              precision    recall  f1-score   support

           2       0.00      0.00      0.00         9
           3       0.00      0.00      0.00         1
           5       0.42      0.41      0.42        27
           6       0.40      0.64      0.49        33
           7       0.14      0.10      0.12        10
           8       0.00      0.00      0.00         7

    accuracy                           0.38        87
   macro avg       0.16      0.19      0.17        87
weighted avg       0.30      0.38      0.33        87

----------------------------------------------------------------------------------------------------
####################################################################################################
####################################################################################################
n_epooch:17 | dropout:0.2 | lr:0.001 | batch_size:128 | shared_embedding_size:1024 | projection_embedding_size:256
              precision    recall  f1-score   support

           0      0.400     0.075     0.127        53
           1      0.000     0.000     0.000        31
           2      0.143     0.009     0.016       115
           3      0.000     0.000     0.000        23
           4      0.000     0.000     0.000        48
           5      0.379     0.451     0.412       244
           6      0.421     0.728     0.533       438
           7      0.258     0.161     0.198       149
           8      0.390     0.158     0.225       101

    accuracy                          0.394      1202
   macro avg      0.221     0.176     0.168      1202
weighted avg      0.326     0.394     0.329      1202

----------------------------------------------------------------------------------------------------
dropout:0.2 | lr:0.001 | batch_size:128 | shared_embedding_size:1024 | projection_embedding_size:256
              precision    recall  f1-score      support
0              0.400000  0.075472  0.126984    53.000000
1              0.000000  0.000000  0.000000    31.000000
2              0.142857  0.008696  0.016393   115.000000
3              0.000000  0.000000  0.000000    23.000000
4              0.000000  0.000000  0.000000    48.000000
5              0.379310  0.450820  0.411985   244.000000
6              0.420844  0.728311  0.533445   438.000000
7              0.258065  0.161074  0.198347   149.000000
8              0.390244  0.158416  0.225352   101.000000
accuracy       0.394343  0.394343  0.394343     0.394343
macro avg      0.221258  0.175865  0.168056  1202.000000
weighted avg   0.326436  0.394343  0.328705  1202.000000
----------------------------------------------------------------------------------------------------
FOR :---->  PRO
              precision    recall  f1-score   support

           0       0.00      0.00      0.00         1
           1       0.00      0.00      0.00         1
           2       0.50      0.03      0.05        35
           4       0.00      0.00      0.00         1
           5       0.41      0.46      0.43        63
           6       0.55      0.79      0.65       161
           7       0.13      0.09      0.11        32
           8       0.83      0.13      0.22        39

    accuracy                           0.50       333
   macro avg       0.30      0.19      0.18       333
weighted avg       0.51      0.50      0.44       333

----------------------------------------------------------------------------------------------------
FOR :---->  LIK
              precision    recall  f1-score   support

           5       0.00      0.00      0.00         2
           6       0.50      1.00      0.67         1
           7       0.00      0.00      0.00         0

    accuracy                           0.33         3
   macro avg       0.17      0.33      0.22         3
weighted avg       0.17      0.33      0.22         3

----------------------------------------------------------------------------------------------------
FOR :---->  ILL
              precision    recall  f1-score   support

           0       0.00      0.00      0.00         3
           2       0.00      0.00      0.00        24
           4       0.00      0.00      0.00         3
           5       0.49      0.58      0.53        43
           6       0.39      0.75      0.51        53
           7       0.12      0.04      0.06        25
           8       0.42      0.19      0.26        27

    accuracy                           0.40       178
   macro avg       0.20      0.22      0.19       178
weighted avg       0.31      0.40      0.33       178

----------------------------------------------------------------------------------------------------
FOR :---->  EMB
              precision    recall  f1-score   support

           2       0.00      0.00      0.00         9
           3       0.00      0.00      0.00         1
           5       0.36      0.37      0.36        27
           6       0.40      0.61      0.48        33
           7       0.11      0.10      0.11        10
           8       0.00      0.00      0.00         7

    accuracy                           0.36        87
   macro avg       0.14      0.18      0.16        87
weighted avg       0.28      0.36      0.31        87

----------------------------------------------------------------------------------------------------
####################################################################################################
####################################################################################################
n_epooch:9 | dropout:0.2 | lr:0.001 | batch_size:64 | shared_embedding_size:2048 | projection_embedding_size:1024
              precision    recall  f1-score   support

           0      0.286     0.038     0.067        53
           1      0.000     0.000     0.000        31
           2      0.094     0.026     0.041       115
           3      0.000     0.000     0.000        23
           4      0.000     0.000     0.000        48
           5      0.368     0.459     0.409       244
           6      0.435     0.692     0.534       438
           7      0.230     0.154     0.185       149
           8      0.271     0.158     0.200       101

    accuracy                          0.382      1202
   macro avg      0.187     0.170     0.159      1202
weighted avg      0.306     0.382     0.324      1202

----------------------------------------------------------------------------------------------------
dropout:0.2 | lr:0.001 | batch_size:64 | shared_embedding_size:2048 | projection_embedding_size:1024
              precision    recall  f1-score      support
0              0.285714  0.037736  0.066667    53.000000
1              0.000000  0.000000  0.000000    31.000000
2              0.093750  0.026087  0.040816   115.000000
3              0.000000  0.000000  0.000000    23.000000
4              0.000000  0.000000  0.000000    48.000000
5              0.368421  0.459016  0.408759   244.000000
6              0.434720  0.691781  0.533921   438.000000
7              0.230000  0.154362  0.184739   149.000000
8              0.271186  0.158416  0.200000   101.000000
accuracy       0.381864  0.381864  0.381864     0.381864
macro avg      0.187088  0.169711  0.159434  1202.000000
weighted avg   0.306062  0.381864  0.324083  1202.000000
----------------------------------------------------------------------------------------------------
FOR :---->  PRO
              precision    recall  f1-score   support

           0       0.00      0.00      0.00         1
           1       0.00      0.00      0.00         1
           2       0.15      0.06      0.08        35
           4       0.00      0.00      0.00         1
           5       0.42      0.48      0.44        63
           6       0.58      0.73      0.64       161
           7       0.19      0.16      0.17        32
           8       0.43      0.15      0.23        39

    accuracy                           0.48       333
   macro avg       0.22      0.20      0.20       333
weighted avg       0.44      0.48      0.45       333

----------------------------------------------------------------------------------------------------
FOR :---->  LIK
              precision    recall  f1-score   support

           5       0.00      0.00      0.00         2
           6       0.33      1.00      0.50         1

    accuracy                           0.33         3
   macro avg       0.17      0.50      0.25         3
weighted avg       0.11      0.33      0.17         3

----------------------------------------------------------------------------------------------------
FOR :---->  ILL
              precision    recall  f1-score   support

           0       0.00      0.00      0.00         3
           2       0.14      0.04      0.06        24
           4       0.00      0.00      0.00         3
           5       0.44      0.60      0.51        43
           6       0.42      0.74      0.53        53
           7       0.33      0.12      0.18        25
           8       0.30      0.11      0.16        27

    accuracy                           0.40       178
   macro avg       0.23      0.23      0.21       178
weighted avg       0.34      0.40      0.34       178

----------------------------------------------------------------------------------------------------
FOR :---->  EMB
              precision    recall  f1-score   support

           2       0.00      0.00      0.00         9
           3       0.00      0.00      0.00         1
           5       0.32      0.37      0.34        27
           6       0.44      0.61      0.51        33
           7       0.14      0.10      0.12        10
           8       0.00      0.00      0.00         7

    accuracy                           0.36        87
   macro avg       0.15      0.18      0.16        87
weighted avg       0.29      0.36      0.32        87

----------------------------------------------------------------------------------------------------
####################################################################################################
####################################################################################################
n_epooch:499 | dropout:0.2 | lr:0.001 | batch_size:64 | shared_embedding_size:1024 | projection_embedding_size:256
              precision    recall  f1-score   support

           0      0.333     0.094     0.147        53
           1      0.000     0.000     0.000        31
           2      0.176     0.026     0.045       115
           3      0.000     0.000     0.000        23
           4      0.000     0.000     0.000        48
           5      0.390     0.496     0.437       244
           6      0.440     0.683     0.535       438
           7      0.261     0.208     0.231       149
           8      0.407     0.238     0.300       101

    accuracy                          0.402      1202
   macro avg      0.223     0.194     0.188      1202
weighted avg      0.338     0.402     0.348      1202

----------------------------------------------------------------------------------------------------
dropout:0.2 | lr:0.001 | batch_size:64 | shared_embedding_size:1024 | projection_embedding_size:256
              precision    recall  f1-score     support
0              0.333333  0.094340  0.147059    53.00000
1              0.000000  0.000000  0.000000    31.00000
2              0.176471  0.026087  0.045455   115.00000
3              0.000000  0.000000  0.000000    23.00000
4              0.000000  0.000000  0.000000    48.00000
5              0.390323  0.495902  0.436823   244.00000
6              0.440353  0.682648  0.535363   438.00000
7              0.260504  0.208054  0.231343   149.00000
8              0.406780  0.237624  0.300000   101.00000
accuracy       0.401830  0.401830  0.401830     0.40183
macro avg      0.223085  0.193850  0.188449  1202.00000
weighted avg   0.337749  0.401830  0.348474  1202.00000
----------------------------------------------------------------------------------------------------
FOR :---->  PRO
              precision    recall  f1-score   support

           0       0.00      0.00      0.00         1
           1       0.00      0.00      0.00         1
           2       0.20      0.03      0.05        35
           4       0.00      0.00      0.00         1
           5       0.42      0.51      0.46        63
           6       0.56      0.73      0.63       161
           7       0.20      0.16      0.18        32
           8       0.44      0.18      0.25        39

    accuracy                           0.49       333
   macro avg       0.23      0.20      0.20       333
weighted avg       0.44      0.49      0.44       333

----------------------------------------------------------------------------------------------------
FOR :---->  LIK
              precision    recall  f1-score   support

           5       0.00      0.00      0.00         2
           6       0.33      1.00      0.50         1

    accuracy                           0.33         3
   macro avg       0.17      0.50      0.25         3
weighted avg       0.11      0.33      0.17         3

----------------------------------------------------------------------------------------------------
FOR :---->  ILL
              precision    recall  f1-score   support

           0       0.00      0.00      0.00         3
           2       0.00      0.00      0.00        24
           4       0.00      0.00      0.00         3
           5       0.54      0.65      0.59        43
           6       0.42      0.79      0.55        53
           7       0.36      0.16      0.22        25
           8       0.50      0.22      0.31        27

    accuracy                           0.45       178
   macro avg       0.26      0.26      0.24       178
weighted avg       0.38      0.45      0.38       178

----------------------------------------------------------------------------------------------------
FOR :---->  EMB
              precision    recall  f1-score   support

           0       0.00      0.00      0.00         0
           2       0.00      0.00      0.00         9
           3       0.00      0.00      0.00         1
           5       0.34      0.44      0.39        27
           6       0.45      0.61      0.52        33
           7       0.14      0.10      0.12        10
           8       0.00      0.00      0.00         7

    accuracy                           0.38        87
   macro avg       0.13      0.16      0.15        87
weighted avg       0.30      0.38      0.33        87

----------------------------------------------------------------------------------------------------
####################################################################################################
####################################################################################################
n_epooch:19 | dropout:0.2 | lr:0.0001 | batch_size:128 | shared_embedding_size:2048 | projection_embedding_size:1024
              precision    recall  f1-score   support

           0      0.500     0.019     0.036        53
           1      0.000     0.000     0.000        31
           2      0.400     0.017     0.033       115
           3      0.000     0.000     0.000        23
           4      0.000     0.000     0.000        48
           5      0.347     0.336     0.342       244
           6      0.418     0.792     0.547       438
           7      0.262     0.181     0.214       149
           8      0.400     0.099     0.159       101

    accuracy                          0.390      1202
   macro avg      0.259     0.161     0.148      1202
weighted avg      0.349     0.390     0.313      1202

----------------------------------------------------------------------------------------------------
dropout:0.2 | lr:0.0001 | batch_size:128 | shared_embedding_size:2048 | projection_embedding_size:1024
              precision    recall  f1-score      support
0              0.500000  0.018868  0.036364    53.000000
1              0.000000  0.000000  0.000000    31.000000
2              0.400000  0.017391  0.033333   115.000000
3              0.000000  0.000000  0.000000    23.000000
4              0.000000  0.000000  0.000000    48.000000
5              0.347458  0.336066  0.341667   244.000000
6              0.417569  0.792237  0.546887   438.000000
7              0.262136  0.181208  0.214286   149.000000
8              0.400000  0.099010  0.158730   101.000000
accuracy       0.390183  0.390183  0.390183     0.390183
macro avg      0.258574  0.160531  0.147919  1202.000000
weighted avg   0.349112  0.390183  0.313331  1202.000000
----------------------------------------------------------------------------------------------------
FOR :---->  PRO
              precision    recall  f1-score   support

           0       0.00      0.00      0.00         1
           1       0.00      0.00      0.00         1
           2       0.67      0.06      0.11        35
           4       0.00      0.00      0.00         1
           5       0.37      0.30      0.33        63
           6       0.55      0.86      0.67       161
           7       0.16      0.09      0.12        32
           8       0.75      0.08      0.14        39

    accuracy                           0.50       333
   macro avg       0.31      0.17      0.17       333
weighted avg       0.51      0.50      0.42       333

----------------------------------------------------------------------------------------------------
FOR :---->  LIK
              precision    recall  f1-score   support

           5       0.00      0.00      0.00         2
           6       0.33      1.00      0.50         1

    accuracy                           0.33         3
   macro avg       0.17      0.50      0.25         3
weighted avg       0.11      0.33      0.17         3

----------------------------------------------------------------------------------------------------
FOR :---->  ILL
              precision    recall  f1-score   support

           0       0.00      0.00      0.00         3
           2       0.00      0.00      0.00        24
           4       0.00      0.00      0.00         3
           5       0.41      0.37      0.39        43
           6       0.38      0.89      0.53        53
           7       0.33      0.12      0.18        25
           8       0.50      0.11      0.18        27

    accuracy                           0.39       178
   macro avg       0.23      0.21      0.18       178
weighted avg       0.33      0.39      0.30       178

----------------------------------------------------------------------------------------------------
FOR :---->  EMB
              precision    recall  f1-score   support

           2       0.00      0.00      0.00         9
           3       0.00      0.00      0.00         1
           5       0.39      0.26      0.31        27
           6       0.41      0.73      0.52        33
           7       0.30      0.30      0.30        10
           8       0.00      0.00      0.00         7

    accuracy                           0.39        87
   macro avg       0.18      0.21      0.19        87
weighted avg       0.31      0.39      0.33        87

----------------------------------------------------------------------------------------------------
####################################################################################################
####################################################################################################
n_epooch:20 | dropout:0.2 | lr:0.0001 | batch_size:128 | shared_embedding_size:1024 | projection_embedding_size:256
              precision    recall  f1-score   support

           0      0.000     0.000     0.000        53
           1      0.000     0.000     0.000        31
           2      0.000     0.000     0.000       115
           3      0.000     0.000     0.000        23
           4      0.500     0.021     0.040        48
           5      0.362     0.344     0.353       244
           6      0.406     0.811     0.541       438
           7      0.207     0.081     0.116       149
           8      0.375     0.119     0.180       101

    accuracy                          0.386      1202
   macro avg      0.206     0.153     0.137      1202
weighted avg      0.298     0.386     0.300      1202

----------------------------------------------------------------------------------------------------
dropout:0.2 | lr:0.0001 | batch_size:128 | shared_embedding_size:1024 | projection_embedding_size:256
              precision    recall  f1-score      support
0              0.000000  0.000000  0.000000    53.000000
1              0.000000  0.000000  0.000000    31.000000
2              0.000000  0.000000  0.000000   115.000000
3              0.000000  0.000000  0.000000    23.000000
4              0.500000  0.020833  0.040000    48.000000
5              0.362069  0.344262  0.352941   244.000000
6              0.405714  0.810502  0.540746   438.000000
7              0.206897  0.080537  0.115942   149.000000
8              0.375000  0.118812  0.180451   101.000000
accuracy       0.386023  0.386023  0.386023     0.386023
macro avg      0.205520  0.152772  0.136676  1202.000000
weighted avg   0.298461  0.386023  0.299822  1202.000000
----------------------------------------------------------------------------------------------------
FOR :---->  PRO
              precision    recall  f1-score   support

           0       0.00      0.00      0.00         1
           1       0.00      0.00      0.00         1
           2       0.00      0.00      0.00        35
           4       0.00      0.00      0.00         1
           5       0.49      0.40      0.44        63
           6       0.53      0.87      0.66       161
           7       0.07      0.03      0.04        32
           8       0.80      0.10      0.18        39

    accuracy                           0.51       333
   macro avg       0.24      0.18      0.17       333
weighted avg       0.45      0.51      0.43       333

----------------------------------------------------------------------------------------------------
FOR :---->  LIK
              precision    recall  f1-score   support

           5       0.00      0.00      0.00         2
           6       0.33      1.00      0.50         1

    accuracy                           0.33         3
   macro avg       0.17      0.50      0.25         3
weighted avg       0.11      0.33      0.17         3

----------------------------------------------------------------------------------------------------
FOR :---->  ILL
              precision    recall  f1-score   support

           0       0.00      0.00      0.00         3
           2       0.00      0.00      0.00        24
           4       0.00      0.00      0.00         3
           5       0.43      0.37      0.40        43
           6       0.37      0.87      0.52        53
           7       0.00      0.00      0.00        25
           8       0.36      0.15      0.21        27

    accuracy                           0.37       178
   macro avg       0.17      0.20      0.16       178
weighted avg       0.27      0.37      0.28       178

----------------------------------------------------------------------------------------------------
FOR :---->  EMB
              precision    recall  f1-score   support

           2       0.00      0.00      0.00         9
           3       0.00      0.00      0.00         1
           5       0.27      0.15      0.19        27
           6       0.36      0.76      0.49        33
           7       0.50      0.10      0.17        10
           8       0.00      0.00      0.00         7

    accuracy                           0.34        87
   macro avg       0.19      0.17      0.14        87
weighted avg       0.28      0.34      0.26        87

----------------------------------------------------------------------------------------------------
####################################################################################################
####################################################################################################
n_epooch:9 | dropout:0.2 | lr:0.0001 | batch_size:64 | shared_embedding_size:2048 | projection_embedding_size:1024
              precision    recall  f1-score   support

           0      0.167     0.019     0.034        53
           1      0.000     0.000     0.000        31
           2      0.163     0.061     0.089       115
           3      0.000     0.000     0.000        23
           4      0.000     0.000     0.000        48
           5      0.310     0.439     0.363       244
           6      0.442     0.621     0.517       438
           7      0.236     0.201     0.217       149
           8      0.345     0.198     0.252       101

    accuracy                          0.364      1202
   macro avg      0.185     0.171     0.163      1202
weighted avg      0.305     0.364     0.320      1202

----------------------------------------------------------------------------------------------------
dropout:0.2 | lr:0.0001 | batch_size:64 | shared_embedding_size:2048 | projection_embedding_size:1024
              precision    recall  f1-score      support
0              0.166667  0.018868  0.033898    53.000000
1              0.000000  0.000000  0.000000    31.000000
2              0.162791  0.060870  0.088608   115.000000
3              0.000000  0.000000  0.000000    23.000000
4              0.000000  0.000000  0.000000    48.000000
5              0.310145  0.438525  0.363328   244.000000
6              0.442276  0.621005  0.516619   438.000000
7              0.236220  0.201342  0.217391   149.000000
8              0.344828  0.198020  0.251572   101.000000
accuracy       0.363561  0.363561  0.363561     0.363561
macro avg      0.184770  0.170959  0.163491  1202.000000
weighted avg   0.305300  0.363561  0.320065  1202.000000
----------------------------------------------------------------------------------------------------
FOR :---->  PRO
              precision    recall  f1-score   support

           0       0.00      0.00      0.00         1
           1       0.00      0.00      0.00         1
           2       0.30      0.09      0.13        35
           4       0.00      0.00      0.00         1
           5       0.32      0.44      0.37        63
           6       0.56      0.66      0.61       161
           7       0.14      0.12      0.13        32
           8       0.42      0.13      0.20        39

    accuracy                           0.44       333
   macro avg       0.22      0.18      0.18       333
weighted avg       0.42      0.44      0.41       333

----------------------------------------------------------------------------------------------------
FOR :---->  LIK
              precision    recall  f1-score   support

           5       0.00      0.00      0.00         2
           6       0.33      1.00      0.50         1

    accuracy                           0.33         3
   macro avg       0.17      0.50      0.25         3
weighted avg       0.11      0.33      0.17         3

----------------------------------------------------------------------------------------------------
FOR :---->  ILL
              precision    recall  f1-score   support

           0       0.00      0.00      0.00         3
           2       0.17      0.04      0.07        24
           4       0.00      0.00      0.00         3
           5       0.45      0.53      0.49        43
           6       0.39      0.66      0.49        53
           7       0.38      0.24      0.29        25
           8       0.40      0.22      0.29        27

    accuracy                           0.40       178
   macro avg       0.25      0.24      0.23       178
weighted avg       0.36      0.40      0.36       178

----------------------------------------------------------------------------------------------------
FOR :---->  EMB
              precision    recall  f1-score   support

           2       0.00      0.00      0.00         9
           3       0.00      0.00      0.00         1
           5       0.41      0.44      0.43        27
           6       0.40      0.55      0.46        33
           7       0.14      0.10      0.12        10
           8       0.00      0.00      0.00         7

    accuracy                           0.36        87
   macro avg       0.16      0.18      0.17        87
weighted avg       0.30      0.36      0.32        87

----------------------------------------------------------------------------------------------------
####################################################################################################
####################################################################################################
n_epooch:11 | dropout:0.2 | lr:0.0001 | batch_size:64 | shared_embedding_size:1024 | projection_embedding_size:256
              precision    recall  f1-score   support

           0      0.250     0.019     0.035        53
           1      0.000     0.000     0.000        31
           2      0.250     0.026     0.047       115
           3      0.000     0.000     0.000        23
           4      0.333     0.021     0.039        48
           5      0.324     0.422     0.367       244
           6      0.429     0.651     0.517       438
           7      0.205     0.174     0.188       149
           8      0.236     0.168     0.197       101

    accuracy                          0.363      1202
   macro avg      0.225     0.165     0.154      1202
weighted avg      0.316     0.363     0.310      1202

----------------------------------------------------------------------------------------------------
dropout:0.2 | lr:0.0001 | batch_size:64 | shared_embedding_size:1024 | projection_embedding_size:256
              precision    recall  f1-score      support
0              0.250000  0.018868  0.035088    53.000000
1              0.000000  0.000000  0.000000    31.000000
2              0.250000  0.026087  0.047244   115.000000
3              0.000000  0.000000  0.000000    23.000000
4              0.333333  0.020833  0.039216    48.000000
5              0.323899  0.422131  0.366548   244.000000
6              0.429217  0.650685  0.517241   438.000000
7              0.204724  0.174497  0.188406   149.000000
8              0.236111  0.168317  0.196532   101.000000
accuracy       0.362729  0.362729  0.362729     0.362729
macro avg      0.225254  0.164602  0.154475  1202.000000
weighted avg   0.315624  0.362729  0.310388  1202.000000
----------------------------------------------------------------------------------------------------
FOR :---->  PRO
              precision    recall  f1-score   support

           0       0.00      0.00      0.00         1
           1       0.00      0.00      0.00         1
           2       0.40      0.06      0.10        35
           4       0.00      0.00      0.00         1
           5       0.33      0.41      0.36        63
           6       0.54      0.66      0.59       161
           7       0.12      0.12      0.12        32
           8       0.44      0.18      0.25        39

    accuracy                           0.44       333
   macro avg       0.23      0.18      0.18       333
weighted avg       0.43      0.44      0.41       333

----------------------------------------------------------------------------------------------------
FOR :---->  LIK
              precision    recall  f1-score   support

           5       0.50      0.50      0.50         2
           6       0.00      0.00      0.00         1

    accuracy                           0.33         3
   macro avg       0.25      0.25      0.25         3
weighted avg       0.33      0.33      0.33         3

----------------------------------------------------------------------------------------------------
FOR :---->  ILL
              precision    recall  f1-score   support

           0       0.00      0.00      0.00         3
           2       0.00      0.00      0.00        24
           4       0.00      0.00      0.00         3
           5       0.41      0.49      0.45        43
           6       0.41      0.72      0.52        53
           7       0.29      0.16      0.21        25
           8       0.32      0.22      0.26        27

    accuracy                           0.39       178
   macro avg       0.20      0.23      0.21       178
weighted avg       0.31      0.39      0.33       178

----------------------------------------------------------------------------------------------------
FOR :---->  EMB
              precision    recall  f1-score   support

           2       0.00      0.00      0.00         9
           3       0.00      0.00      0.00         1
           5       0.26      0.22      0.24        27
           6       0.40      0.64      0.49        33
           7       0.25      0.20      0.22        10
           8       0.00      0.00      0.00         7

    accuracy                           0.33        87
   macro avg       0.15      0.18      0.16        87
weighted avg       0.26      0.33      0.29        87

----------------------------------------------------------------------------------------------------
####################################################################################################
####################################################################################################
n_epooch:17 | dropout:0.3 | lr:0.001 | batch_size:128 | shared_embedding_size:2048 | projection_embedding_size:1024
              precision    recall  f1-score   support

           0      0.250     0.019     0.035        53
           1      0.000     0.000     0.000        31
           2      0.200     0.009     0.017       115
           3      0.000     0.000     0.000        23
           4      0.000     0.000     0.000        48
           5      0.375     0.357     0.366       244
           6      0.409     0.815     0.545       438
           7      0.273     0.121     0.167       149
           8      0.273     0.059     0.098       101

    accuracy                          0.391      1202
   macro avg      0.198     0.153     0.136      1202
weighted avg      0.312     0.391     0.305      1202

----------------------------------------------------------------------------------------------------
dropout:0.3 | lr:0.001 | batch_size:128 | shared_embedding_size:2048 | projection_embedding_size:1024
              precision    recall  f1-score      support
0              0.250000  0.018868  0.035088    53.000000
1              0.000000  0.000000  0.000000    31.000000
2              0.200000  0.008696  0.016667   115.000000
3              0.000000  0.000000  0.000000    23.000000
4              0.000000  0.000000  0.000000    48.000000
5              0.375000  0.356557  0.365546   244.000000
6              0.409404  0.815068  0.545038   438.000000
7              0.272727  0.120805  0.167442   149.000000
8              0.272727  0.059406  0.097561   101.000000
accuracy       0.391015  0.391015  0.391015     0.391015
macro avg      0.197762  0.153267  0.136371  1202.000000
weighted avg   0.312189  0.391015  0.304907  1202.000000
----------------------------------------------------------------------------------------------------
FOR :---->  PRO
              precision    recall  f1-score   support

           0       0.00      0.00      0.00         1
           1       0.00      0.00      0.00         1
           2       0.50      0.03      0.05        35
           4       0.00      0.00      0.00         1
           5       0.39      0.35      0.37        63
           6       0.52      0.82      0.63       161
           7       0.12      0.06      0.08        32
           8       0.50      0.03      0.05        39

    accuracy                           0.47       333
   macro avg       0.25      0.16      0.15       333
weighted avg       0.45      0.47      0.40       333

----------------------------------------------------------------------------------------------------
FOR :---->  LIK
              precision    recall  f1-score   support

           5       0.00      0.00      0.00         2
           6       0.33      1.00      0.50         1

    accuracy                           0.33         3
   macro avg       0.17      0.50      0.25         3
weighted avg       0.11      0.33      0.17         3

----------------------------------------------------------------------------------------------------
FOR :---->  ILL
              precision    recall  f1-score   support

           0       0.00      0.00      0.00         3
           2       0.00      0.00      0.00        24
           4       0.00      0.00      0.00         3
           5       0.45      0.47      0.46        43
           6       0.39      0.91      0.54        53
           7       0.40      0.08      0.13        25
           8       0.33      0.04      0.07        27

    accuracy                           0.40       178
   macro avg       0.22      0.21      0.17       178
weighted avg       0.33      0.40      0.30       178

----------------------------------------------------------------------------------------------------
FOR :---->  EMB
              precision    recall  f1-score   support

           2       0.00      0.00      0.00         9
           3       0.00      0.00      0.00         1
           5       0.39      0.26      0.31        27
           6       0.39      0.76      0.52        33
           7       0.20      0.10      0.13        10
           8       0.00      0.00      0.00         7

    accuracy                           0.38        87
   macro avg       0.16      0.19      0.16        87
weighted avg       0.29      0.38      0.31        87

----------------------------------------------------------------------------------------------------
####################################################################################################
####################################################################################################
n_epooch:18 | dropout:0.3 | lr:0.001 | batch_size:128 | shared_embedding_size:1024 | projection_embedding_size:256
              precision    recall  f1-score   support

           0      0.500     0.038     0.070        53
           1      0.000     0.000     0.000        31
           2      0.375     0.026     0.049       115
           3      0.000     0.000     0.000        23
           4      0.000     0.000     0.000        48
           5      0.364     0.488     0.417       244
           6      0.443     0.758     0.559       438
           7      0.333     0.161     0.217       149
           8      0.385     0.149     0.214       101

    accuracy                          0.412      1202
   macro avg      0.267     0.180     0.170      1202
weighted avg      0.367     0.412     0.341      1202

----------------------------------------------------------------------------------------------------
dropout:0.3 | lr:0.001 | batch_size:128 | shared_embedding_size:1024 | projection_embedding_size:256
              precision    recall  f1-score      support
0              0.500000  0.037736  0.070175    53.000000
1              0.000000  0.000000  0.000000    31.000000
2              0.375000  0.026087  0.048780   115.000000
3              0.000000  0.000000  0.000000    23.000000
4              0.000000  0.000000  0.000000    48.000000
5              0.363914  0.487705  0.416813   244.000000
6              0.442667  0.757991  0.558923   438.000000
7              0.333333  0.161074  0.217195   149.000000
8              0.384615  0.148515  0.214286   101.000000
accuracy       0.411814  0.411814  0.411814     0.411814
macro avg      0.266614  0.179901  0.169575  1202.000000
weighted avg   0.366740  0.411814  0.340969  1202.000000
----------------------------------------------------------------------------------------------------
FOR :---->  PRO
              precision    recall  f1-score   support

           0       0.00      0.00      0.00         1
           1       0.00      0.00      0.00         1
           2       1.00      0.03      0.06        35
           4       0.00      0.00      0.00         1
           5       0.42      0.54      0.47        63
           6       0.58      0.81      0.67       161
           7       0.21      0.12      0.16        32
           8       0.67      0.10      0.18        39

    accuracy                           0.52       333
   macro avg       0.36      0.20      0.19       333
weighted avg       0.56      0.52      0.46       333

----------------------------------------------------------------------------------------------------
FOR :---->  LIK
              precision    recall  f1-score   support

           5       0.00      0.00      0.00         2
           6       0.33      1.00      0.50         1

    accuracy                           0.33         3
   macro avg       0.17      0.50      0.25         3
weighted avg       0.11      0.33      0.17         3

----------------------------------------------------------------------------------------------------
FOR :---->  ILL
              precision    recall  f1-score   support

           0       0.00      0.00      0.00         3
           2       1.00      0.04      0.08        24
           4       0.00      0.00      0.00         3
           5       0.44      0.58      0.50        43
           6       0.40      0.77      0.53        53
           7       0.50      0.08      0.14        25
           8       0.38      0.19      0.25        27

    accuracy                           0.42       178
   macro avg       0.39      0.24      0.21       178
weighted avg       0.49      0.42      0.35       178

----------------------------------------------------------------------------------------------------
FOR :---->  EMB
              precision    recall  f1-score   support

           2       0.00      0.00      0.00         9
           3       0.00      0.00      0.00         1
           5       0.38      0.37      0.38        27
           6       0.43      0.70      0.53        33
           7       0.17      0.10      0.12        10
           8       0.00      0.00      0.00         7

    accuracy                           0.39        87
   macro avg       0.16      0.19      0.17        87
weighted avg       0.30      0.39      0.33        87

----------------------------------------------------------------------------------------------------
####################################################################################################
####################################################################################################
n_epooch:498 | dropout:0.3 | lr:0.001 | batch_size:64 | shared_embedding_size:2048 | projection_embedding_size:1024
              precision    recall  f1-score   support

           0      0.333     0.019     0.036        53
           1      0.000     0.000     0.000        31
           2      0.333     0.009     0.017       115
           3      0.000     0.000     0.000        23
           4      0.000     0.000     0.000        48
           5      0.387     0.443     0.413       244
           6      0.428     0.801     0.558       438
           7      0.329     0.161     0.216       149
           8      0.435     0.099     0.161       101

    accuracy                          0.412      1202
   macro avg      0.249     0.170     0.156      1202
weighted avg      0.358     0.412     0.331      1202

----------------------------------------------------------------------------------------------------
dropout:0.3 | lr:0.001 | batch_size:64 | shared_embedding_size:2048 | projection_embedding_size:1024
              precision    recall  f1-score      support
0              0.333333  0.018868  0.035714    53.000000
1              0.000000  0.000000  0.000000    31.000000
2              0.333333  0.008696  0.016949   115.000000
3              0.000000  0.000000  0.000000    23.000000
4              0.000000  0.000000  0.000000    48.000000
5              0.387097  0.442623  0.413002   244.000000
6              0.428049  0.801370  0.558029   438.000000
7              0.328767  0.161074  0.216216   149.000000
8              0.434783  0.099010  0.161290   101.000000
accuracy       0.411814  0.411814  0.411814     0.411814
macro avg      0.249485  0.170182  0.155689  1202.000000
weighted avg   0.358433  0.411814  0.330730  1202.000000
----------------------------------------------------------------------------------------------------
FOR :---->  PRO
              precision    recall  f1-score   support

           0       0.00      0.00      0.00         1
           1       0.00      0.00      0.00         1
           2       1.00      0.03      0.06        35
           4       0.00      0.00      0.00         1
           5       0.42      0.41      0.42        63
           6       0.56      0.86      0.68       161
           7       0.16      0.09      0.12        32
           8       0.75      0.08      0.14        39

    accuracy                           0.51       333
   macro avg       0.36      0.18      0.18       333
weighted avg       0.56      0.51      0.44       333

----------------------------------------------------------------------------------------------------
FOR :---->  LIK
              precision    recall  f1-score   support

           5       0.00      0.00      0.00         2
           6       0.33      1.00      0.50         1

    accuracy                           0.33         3
   macro avg       0.17      0.50      0.25         3
weighted avg       0.11      0.33      0.17         3

----------------------------------------------------------------------------------------------------
FOR :---->  ILL
              precision    recall  f1-score   support

           0       0.00      0.00      0.00         3
           2       0.00      0.00      0.00        24
           4       0.00      0.00      0.00         3
           5       0.49      0.60      0.54        43
           6       0.40      0.85      0.55        53
           7       0.57      0.16      0.25        25
           8       0.33      0.07      0.12        27

    accuracy                           0.43       178
   macro avg       0.26      0.24      0.21       178
weighted avg       0.37      0.43      0.35       178

----------------------------------------------------------------------------------------------------
FOR :---->  EMB
              precision    recall  f1-score   support

           2       0.00      0.00      0.00         9
           3       0.00      0.00      0.00         1
           5       0.37      0.37      0.37        27
           6       0.45      0.76      0.56        33
           7       0.25      0.10      0.14        10
           8       0.00      0.00      0.00         7

    accuracy                           0.41        87
   macro avg       0.18      0.20      0.18        87
weighted avg       0.31      0.41      0.34        87

----------------------------------------------------------------------------------------------------
####################################################################################################
####################################################################################################
