dropout:0.2 | lr:0.001 | batch_size:128 | shared_embedding_size:2048 | projection_embedding_size:1024
              precision    recall  f1-score      support
0              0.200000  0.132075  0.159091    53.000000
1              0.000000  0.000000  0.000000    31.000000
2              0.071429  0.043478  0.054054   115.000000
3              0.000000  0.000000  0.000000    23.000000
4              0.105263  0.041667  0.059701    48.000000
5              0.359862  0.426230  0.390244   244.000000
6              0.453532  0.557078  0.500000   438.000000
7              0.242857  0.228188  0.235294   149.000000
8              0.271845  0.277228  0.274510   101.000000
accuracy       0.352745  0.352745  0.352745     0.352745
macro avg      0.189421  0.189549  0.185877  1202.000000
weighted avg   0.311116  0.352745  0.328218  1202.000000
----------------------------------------------------------------------------------------------------
dropout:0.2 | lr:0.001 | batch_size:128 | shared_embedding_size:1024 | projection_embedding_size:256
              precision    recall  f1-score      support
0              0.260870  0.113208  0.157895    53.000000
1              0.000000  0.000000  0.000000    31.000000
2              0.109375  0.060870  0.078212   115.000000
3              0.000000  0.000000  0.000000    23.000000
4              0.190476  0.083333  0.115942    48.000000
5              0.379061  0.430328  0.403071   244.000000
6              0.442274  0.568493  0.497502   438.000000
7              0.264516  0.275168  0.269737   149.000000
8              0.247191  0.217822  0.231579   101.000000
accuracy       0.361065  0.361065  0.361065     0.361065
macro avg      0.210418  0.194358  0.194882  1202.000000
weighted avg   0.321242  0.361065  0.335078  1202.000000
----------------------------------------------------------------------------------------------------
dropout:0.2 | lr:0.001 | batch_size:128 | shared_embedding_size:2048 | projection_embedding_size:1024
              precision    recall  f1-score      support
0              0.428571  0.056604  0.100000    53.000000
1              0.000000  0.000000  0.000000    31.000000
2              0.133333  0.017391  0.030769   115.000000
3              0.000000  0.000000  0.000000    23.000000
4              0.000000  0.000000  0.000000    48.000000
5              0.386364  0.418033  0.401575   244.000000
6              0.417402  0.755708  0.537774   438.000000
7              0.280488  0.154362  0.199134   149.000000
8              0.421053  0.158416  0.230216   101.000000
accuracy       0.396839  0.396839  0.396839     0.396839
macro avg      0.229690  0.173390  0.166608  1202.000000
weighted avg   0.332331  0.396839  0.328861  1202.000000
----------------------------------------------------------------------------------------------------
dropout:0.2 | lr:0.001 | batch_size:128 | shared_embedding_size:1024 | projection_embedding_size:256
              precision    recall  f1-score      support
0              0.400000  0.075472  0.126984    53.000000
1              0.000000  0.000000  0.000000    31.000000
2              0.142857  0.008696  0.016393   115.000000
3              0.000000  0.000000  0.000000    23.000000
4              0.000000  0.000000  0.000000    48.000000
5              0.379310  0.450820  0.411985   244.000000
6              0.420844  0.728311  0.533445   438.000000
7              0.258065  0.161074  0.198347   149.000000
8              0.390244  0.158416  0.225352   101.000000
accuracy       0.394343  0.394343  0.394343     0.394343
macro avg      0.221258  0.175865  0.168056  1202.000000
weighted avg   0.326436  0.394343  0.328705  1202.000000
----------------------------------------------------------------------------------------------------
dropout:0.2 | lr:0.001 | batch_size:64 | shared_embedding_size:2048 | projection_embedding_size:1024
              precision    recall  f1-score      support
0              0.285714  0.037736  0.066667    53.000000
1              0.000000  0.000000  0.000000    31.000000
2              0.093750  0.026087  0.040816   115.000000
3              0.000000  0.000000  0.000000    23.000000
4              0.000000  0.000000  0.000000    48.000000
5              0.368421  0.459016  0.408759   244.000000
6              0.434720  0.691781  0.533921   438.000000
7              0.230000  0.154362  0.184739   149.000000
8              0.271186  0.158416  0.200000   101.000000
accuracy       0.381864  0.381864  0.381864     0.381864
macro avg      0.187088  0.169711  0.159434  1202.000000
weighted avg   0.306062  0.381864  0.324083  1202.000000
----------------------------------------------------------------------------------------------------
dropout:0.2 | lr:0.001 | batch_size:64 | shared_embedding_size:1024 | projection_embedding_size:256
              precision    recall  f1-score     support
0              0.333333  0.094340  0.147059    53.00000
1              0.000000  0.000000  0.000000    31.00000
2              0.176471  0.026087  0.045455   115.00000
3              0.000000  0.000000  0.000000    23.00000
4              0.000000  0.000000  0.000000    48.00000
5              0.390323  0.495902  0.436823   244.00000
6              0.440353  0.682648  0.535363   438.00000
7              0.260504  0.208054  0.231343   149.00000
8              0.406780  0.237624  0.300000   101.00000
accuracy       0.401830  0.401830  0.401830     0.40183
macro avg      0.223085  0.193850  0.188449  1202.00000
weighted avg   0.337749  0.401830  0.348474  1202.00000
----------------------------------------------------------------------------------------------------
dropout:0.2 | lr:0.0001 | batch_size:128 | shared_embedding_size:2048 | projection_embedding_size:1024
              precision    recall  f1-score      support
0              0.500000  0.018868  0.036364    53.000000
1              0.000000  0.000000  0.000000    31.000000
2              0.400000  0.017391  0.033333   115.000000
3              0.000000  0.000000  0.000000    23.000000
4              0.000000  0.000000  0.000000    48.000000
5              0.347458  0.336066  0.341667   244.000000
6              0.417569  0.792237  0.546887   438.000000
7              0.262136  0.181208  0.214286   149.000000
8              0.400000  0.099010  0.158730   101.000000
accuracy       0.390183  0.390183  0.390183     0.390183
macro avg      0.258574  0.160531  0.147919  1202.000000
weighted avg   0.349112  0.390183  0.313331  1202.000000
----------------------------------------------------------------------------------------------------
dropout:0.2 | lr:0.0001 | batch_size:128 | shared_embedding_size:1024 | projection_embedding_size:256
              precision    recall  f1-score      support
0              0.000000  0.000000  0.000000    53.000000
1              0.000000  0.000000  0.000000    31.000000
2              0.000000  0.000000  0.000000   115.000000
3              0.000000  0.000000  0.000000    23.000000
4              0.500000  0.020833  0.040000    48.000000
5              0.362069  0.344262  0.352941   244.000000
6              0.405714  0.810502  0.540746   438.000000
7              0.206897  0.080537  0.115942   149.000000
8              0.375000  0.118812  0.180451   101.000000
accuracy       0.386023  0.386023  0.386023     0.386023
macro avg      0.205520  0.152772  0.136676  1202.000000
weighted avg   0.298461  0.386023  0.299822  1202.000000
----------------------------------------------------------------------------------------------------
dropout:0.2 | lr:0.0001 | batch_size:64 | shared_embedding_size:2048 | projection_embedding_size:1024
              precision    recall  f1-score      support
0              0.166667  0.018868  0.033898    53.000000
1              0.000000  0.000000  0.000000    31.000000
2              0.162791  0.060870  0.088608   115.000000
3              0.000000  0.000000  0.000000    23.000000
4              0.000000  0.000000  0.000000    48.000000
5              0.310145  0.438525  0.363328   244.000000
6              0.442276  0.621005  0.516619   438.000000
7              0.236220  0.201342  0.217391   149.000000
8              0.344828  0.198020  0.251572   101.000000
accuracy       0.363561  0.363561  0.363561     0.363561
macro avg      0.184770  0.170959  0.163491  1202.000000
weighted avg   0.305300  0.363561  0.320065  1202.000000
----------------------------------------------------------------------------------------------------
dropout:0.2 | lr:0.0001 | batch_size:64 | shared_embedding_size:1024 | projection_embedding_size:256
              precision    recall  f1-score      support
0              0.250000  0.018868  0.035088    53.000000
1              0.000000  0.000000  0.000000    31.000000
2              0.250000  0.026087  0.047244   115.000000
3              0.000000  0.000000  0.000000    23.000000
4              0.333333  0.020833  0.039216    48.000000
5              0.323899  0.422131  0.366548   244.000000
6              0.429217  0.650685  0.517241   438.000000
7              0.204724  0.174497  0.188406   149.000000
8              0.236111  0.168317  0.196532   101.000000
accuracy       0.362729  0.362729  0.362729     0.362729
macro avg      0.225254  0.164602  0.154475  1202.000000
weighted avg   0.315624  0.362729  0.310388  1202.000000
----------------------------------------------------------------------------------------------------
dropout:0.3 | lr:0.001 | batch_size:128 | shared_embedding_size:2048 | projection_embedding_size:1024
              precision    recall  f1-score      support
0              0.250000  0.018868  0.035088    53.000000
1              0.000000  0.000000  0.000000    31.000000
2              0.200000  0.008696  0.016667   115.000000
3              0.000000  0.000000  0.000000    23.000000
4              0.000000  0.000000  0.000000    48.000000
5              0.375000  0.356557  0.365546   244.000000
6              0.409404  0.815068  0.545038   438.000000
7              0.272727  0.120805  0.167442   149.000000
8              0.272727  0.059406  0.097561   101.000000
accuracy       0.391015  0.391015  0.391015     0.391015
macro avg      0.197762  0.153267  0.136371  1202.000000
weighted avg   0.312189  0.391015  0.304907  1202.000000
----------------------------------------------------------------------------------------------------
dropout:0.3 | lr:0.001 | batch_size:128 | shared_embedding_size:1024 | projection_embedding_size:256
              precision    recall  f1-score      support
0              0.500000  0.037736  0.070175    53.000000
1              0.000000  0.000000  0.000000    31.000000
2              0.375000  0.026087  0.048780   115.000000
3              0.000000  0.000000  0.000000    23.000000
4              0.000000  0.000000  0.000000    48.000000
5              0.363914  0.487705  0.416813   244.000000
6              0.442667  0.757991  0.558923   438.000000
7              0.333333  0.161074  0.217195   149.000000
8              0.384615  0.148515  0.214286   101.000000
accuracy       0.411814  0.411814  0.411814     0.411814
macro avg      0.266614  0.179901  0.169575  1202.000000
weighted avg   0.366740  0.411814  0.340969  1202.000000
----------------------------------------------------------------------------------------------------
dropout:0.3 | lr:0.001 | batch_size:64 | shared_embedding_size:2048 | projection_embedding_size:1024
              precision    recall  f1-score      support
0              0.333333  0.018868  0.035714    53.000000
1              0.000000  0.000000  0.000000    31.000000
2              0.333333  0.008696  0.016949   115.000000
3              0.000000  0.000000  0.000000    23.000000
4              0.000000  0.000000  0.000000    48.000000
5              0.387097  0.442623  0.413002   244.000000
6              0.428049  0.801370  0.558029   438.000000
7              0.328767  0.161074  0.216216   149.000000
8              0.434783  0.099010  0.161290   101.000000
accuracy       0.411814  0.411814  0.411814     0.411814
macro avg      0.249485  0.170182  0.155689  1202.000000
weighted avg   0.358433  0.411814  0.330730  1202.000000
----------------------------------------------------------------------------------------------------
